minFitness: 0.00733261
maxFitness: 0.00733261
average: 0.00733261
stdDev: 2.34775e-17
sampleSize: 200
time: 1746
evaluations: 40200
generations: 40200
lowest: 0.00733261
highest: 0.955804
